20230601
20230602
20230605
20230606
20230607
20230608
20230609
20230612
20230613
20230614
20230615
20230616
20230619
20230620
20230621
20230626
20230627
20230628
20230629
20230630
20230703
20230704
20230705
20230706
20230707
20230710
20230711
20230712
20230713
20230714
20230717
20230718
20230719
20230720
20230721
20230724
20230725
20230726
20230727
20230728
20230731
20230801
20230802
20230803
20230804
20230807
20230808
20230809
20230810
20230811
20230814
20230815
20230816
20230817
20230818
20230821
20230822
20230823
20230824
20230825
20230828
20230829
20230830
20230831
20230901
20230904
20230905
20230906
20230907
20230908
20230911
20230912
20230913
20230914
20230915
20230918
20230919
20230920
20230921
20230922
20230925
20230926
20230927
20230928
20231009
20231010
20231011
20231012
20231013
20231016
20231017
20231018
20231019
20231020
20231023
20231024
20231025
20231026
20231027
20231030
20231031
20231101
20231102
20231103
20231106
20231107
20231108
20231109
20231110
20231113
20231114
20231115
20231116
20231117
20231120
20231121
20231122
20231123
20231124
20231127
20231128
20231129
20231130
20231201
20231204
20231205
20231206
20231207
20231208
20231211
20231212
20231213
20231214
20231215
20231218
20231219
20231220
20231221
20231222
20231225
20231226
20231227
20231228
20231229
