input
tensor([[7.3760e-01, 1.0000e+00, 0.0000e+00,  ..., 1.3337e+01, 1.3500e+01,
         1.3215e+01],
        [1.0986e+00, 1.0000e+00, 7.1403e-04,  ..., 1.3972e+01, 1.4161e+01,
         1.3864e+01],
        [9.1629e-01, 1.0000e+00, 0.0000e+00,  ..., 2.0883e+01, 2.1099e+01,
         2.0769e+01],
        ...,
        [9.8941e-01, 1.0000e+00, 1.2617e-03,  ..., 7.1349e+01, 7.1668e+01,
         7.1191e+01],
        [3.0538e-01, 1.0000e+00, 4.1408e-03,  ..., 2.6496e+01, 2.6671e+01,
         2.6375e+01],
        [9.5310e-02, 1.0000e+00, 0.0000e+00,  ..., 3.9746e+01, 3.9971e+01,
         3.9613e+01]], device='cuda:0')
targets
tensor([[-0.0015],
        [-0.0011],
        [ 0.0010],
        [ 0.0023],
        [ 0.0023],
        [-0.0008],
        [-0.0046],
        [ 0.0061],
        [-0.0011],
        [ 0.0046],
        [ 0.0003],
        [ 0.0010],
        [-0.0007],
        [ 0.0023],
        [-0.0013],
        [-0.0039],
        [-0.0016],
        [ 0.0130],
        [ 0.0030],
        [ 0.0104],
        [ 0.0014],
        [-0.0048],
        [-0.0004],
        [-0.0047],
        [ 0.0088],
        [ 0.0010],
        [-0.0042],
        [-0.0029],
        [-0.0037],
        [ 0.0041],
        [ 0.0142],
        [-0.0040],
        [-0.0010],
        [-0.0046],
        [ 0.0007],
        [ 0.0038],
        [-0.0006],
        [ 0.0044],
        [ 0.0064],
        [ 0.0018],
        [-0.0016],
        [-0.0032],
        [-0.0032],
        [ 0.0027],
        [ 0.0000],
        [-0.0030],
        [ 0.0022],
        [ 0.0087],
        [-0.0016],
        [-0.0006],
        [-0.0059],
        [ 0.0046],
        [-0.0013],
        [ 0.0004],
        [-0.0056],
        [-0.0030],
        [ 0.0037],
        [-0.0025],
        [ 0.0024],
        [-0.0026],
        [-0.0054],
        [ 0.0029],
        [-0.0060],
        [-0.0005]], device='cuda:0')
