0.096086
0.006825
0.034182
0.068746
0.075888
0.005003
0.024442
0.042409
0.076857
0.001598
0.060976
0.036725
0.049010
-0.015350
-0.072450
-0.051885
-0.027258
-0.133037
0.017202
0.032849
-0.074561
0.034577
0.060672
0.085440
-0.098867
-0.007613
-0.012303
0.050714
-0.004086
0.048160
0.041711
0.020175
-0.049096
-0.037394
0.051872
0.103561
0.034084
-0.067651
0.054078
0.011516
0.101161
-0.020965
0.024969
0.114375
0.013549
0.006880
-0.025398
0.010854
0.071547
0.020976
-0.047726
0.016930
-0.020811
0.069199
0.014148
0.018011
-0.022746
-0.019621
0.009692
0.051425
-0.064227
0.085984
0.101464
0.028108
-0.034521
0.015869
-0.000977
0.026402
0.012825
-0.041953
0.056542
0.033559
-0.048047
0.028857
-0.044623
0.067733
-0.037662
0.017751
0.072785
0.145972
-0.005775
0.031777
0.087687
0.016142
0.017625
0.001627
0.082349
-0.003301
-0.012514
-0.073262
-0.031837
-0.085336
0.069448
0.009457
-0.087392
0.048456
-0.006887
0.001412
0.051403
0.028480
-0.031805
-0.065238
-0.025000
0.074736
-0.001938
0.049573
0.064732
0.008225
-0.019075
0.030896
0.063181
-0.052329
-0.018918
0.024129
-0.039511
0.024711
-0.068435
-0.069173
-0.011951
-0.042017
0.024153
0.016772
-0.047201
